39877478669123723786995891116916859879276557817311298919934179915497512995191631996141359922882599154198858977123483489711691222712796198138766892842231912114528112651862311621274211725246113399361126521996918823459459182271233382381721924987791395334212322563922376297342273238532283635722441147223763211712993456156129338234449349283213519881241644532343367413348731845338434964339474683355225833487432282311456726723144934555145139432462199235275564345447852445984295644954517544158579446633694459
12984686479958185837866122766896232481853576944297129648338989321895618261286995778471281965288976192319579758116929694897723387791734359296468715531823175944919143291672937239711688958239217639918721342168186922713171591883449881284546131757982664293428615512125431278314834182279916934132874112983245327929713382428261299455199239565724286819377531453972662323654238942594529338112714524398522319435643813182449353937231156621134167683539792148864256418377343476534915361563144922382563541963342154
98373113791919995191156824545971185376134831819155863947324737729942989976396615171619728873981219881948422481212111621226793565618229648724594292126697415843584883115319118741772628272183998419232199215953359232322273233781467672933175983561531323771852695469599422642122985288373938329411952134321132616446134343338434489257878314428619467264243488296371657161153375323319639948414943152216324543224372755724545444954559136898942553972157837535459931748276827226448643442174115952515426332743565433
76685999529467125563418432711158789187193666481126198956867298282561789988632985129297187147153929198779611163157823667452954382226989129821477759223721916797831939367289119974319623131829825826413121988172227426893477856316549333719123193258886133483212781894214147839122118542173424293193693752423219928333853791458896742765144482123421436999724459432389291532525894123322965328453531421471486353432113944496481256991785387625559323453254711183556154349131264363691523443317643956464253258259746454
19298533178754941378211966668915927941899899888178894799919897293131869818244979897524172792188776632131964428986515248932217777912613815291191199928991581112191831424297192935518191863528381329988774324217553919762635914332888812372492631221221113911269222321294253531821314662921297463949243119988543532866412187374612544399992348351374233233222412237133343231536464293242577313231857415135422119965464397752329848572365541111345946248534434433352334824445434264757531435368842434296852624653322117
59246391232347876199291214149975179814851198778516183732496495876219917712818223698489691495836975176135741234345898721131232525118628192596221988962729484351751698732112882392933471959171251694718628724685234545691983224234363622973921361733219917383159546286271984322399341314458216128236271582973983579634565671219433534547473318413247284432112849426165739738219543341145242556932723934738269318419468174567678232154464565858442952435839554322395153727684184932165445225635366714383414584937142952
78198965187959737951865773961988363192489149969978899929444379518376192894289951675251529451511244528921917629816184816297688417219947421359125117118991113155548162948721391539116278636263156262235563913212873192729592731879952832115853246123622822911222426665927315983241264122738974737426737334667412432398421383161384298116394322696435723473393312233353777613842619435237523384918584853784844577852354341953249427249531922741543371754683458441442334446488872495372154634863449512969596489595568896
73294159324321174612799877737998118676998668581192599836947193819124371188289156751389996899164923128431526143543228572381198884811922978711977969221361194715821492123548229939126786249111791127513423954263725465433968349221999592213318982218817133247221582693251323465933114123789735122281223862453416537483657654417945133211161332442919332992824435833269371436243457614422523489184623339233497356452764859476876552815624432227244355312144311393554694437148254735456872553363459129573444134451846756
48922719537419441194531597118733977485298982917919999917679712779994129924217692815599298887636919715913382164852155221564261822984418859631919312812111112878182388111523113532871392661131999874712182612449327596326633267537293319552996174212142392322222398929349922263422464398241377224211198582329372355143861743774437864831442166311728532325341343333341913145113337453357541935248833532221969343148346625497285488554897594255327742283964343645245444445212425622444856446865214635994464333217145425
44959565667937399719318755486994879992772598973835629352921865119688379239692151769963478877689899715516167677814841182142986659711598111388361918494673146313297622179948134171326287117458998879191182662727878892595229325319776182261922249947212951578425742431873328115924528243739822856911998121229377383898991361633143642188729337213335115832316268953685354298443922613563935484193396712211923233148849491911247274425475329983144832444622694342737916479646531955413372467414659521441782332213434425
11324884144337894734429689887994998319581579967968471698316222579969812385515978841711147729679886972243599525544891584553179199811511942169268117817958271942733368117192349662618995282225883178199718335461163665591269566428121192262215327137922892816938215384447922821345177372911639333699428921182944657227477661237167753923221337332643824813391392714932649555813393245628848312274144471153913229315576833858877234827886413433244844375493592441241382514375166692441435673995942338525558226412433142
27419132982499191739755889996695233361849126689583919439599428177815392928397973899762256995258933263852124319351121284186699111771634447295123779169412154161153928892641313941818491187336711636914437496323542146223239529771122288274555831623488127152326527226413991375242415292951229844782274712554851743465325733434163188223339938566694273459923826343763833752411248635352631316233195589338582366596285457643684454527429933444114967771538456113493745487494486352235974646374242734421669144969347761
48884979678195395982571529811598812678992627981766611199198552433997955941711713636896931856565931945999518178921641619368263192261992378911373819287772221121966354411816615282282474791714296767614215611162928913275272147937421337211348912248492139888333223217746552292772639339358581282531787872532672227313912438638325814853244832245912335951324199944433432885766331388374144146969239364289898364378333842412354974943692596435594335612344616243521115554454399687744249948525525717134147539191947548
39533989287343281928774914961212919699496126829882182192891417198717484531198398971571842993592919134164419139845439213988512517232312171151723793199329321391252821982859564221941918268295311461312124527552124195654132419962362834342328226283481421143143241236393219396167533215212937931642257242323563866323521676524352117347394545343933739459253225425435234741432141727864432632314814275336835343467497743463278763546322845841565645414484156136433653654634585254325283897554374342592538644794645457
19427218438914799487893337193616938431697919197639972759972271397823982838789941443299919612169587292153832954912581159891444821472714954271812121874118386118338241893419394989115255431112172327169831326494316512369226191255593258382516538292323298522949722944935291452141519122636654222328343827194243751542762347133721236661436949362764931343431963315183315514631256325262123374776533343945493821535486265387345824483234777254715147387514245454217442629442662574236743637323448588764445415651493264
32129744636958328459518191317915256581295772193359484679369618471919769167255969178979938282683346894323185574716943956162921242812636769231688321446159578147172958212187127836617128918114939379445791543429668582715416727313235392374787134279943255726168925828316932329823894772823912922514148155681265453177969382652783842434641348589824538115436683727913693942714343193491588393412313362525926679237656428817149376389495354575245969193564922654779483812471415382545421451269941452342447363613778134
52996428995979769911139118913373768765131161919425147685987193916986556287799932685131919143491799286311753911618187112224122912448487987624227212153625879619821412719766739881114379624212125451281139742286412272929822333523312355959819873533832326473698172193252382187784199222548173532323656239224185339752338313193344463442346616192198464494343758471928321436349329889521133365928464343476734133529644186344942421445557455345772721321957551545486958213943254745143199163224447613957545458784524463
88216977656489717249626132957641549828267715991599999434965919294292825113683961188826783421881789169932718876759182835173724316875265193937882611261111154517612131531393622479417229993789453299289127114382998786129394628483542798637621414899372237222226562872324264241473358152833111489156431139123822549311989723141573959465381974873252591148334833333767398343537535258446926394422259126754224123493365142219183425268416157649218598436361225944594444487841945464864636955713741553336123786533523451
13223195677279223987179918149589971594697134996217117255949194773988398289997991815732897818971147372433421678838133419828112925169118261571824511732822836615121588419941939111811292684391892918225848354453278994924452193922313627122937268293562284393394772623269952115214122292231379541291312933695946556438911513556321413342473823314837931467339541441588373437116322632523331334248165231242314471615766754912262466743252445358493442594814257844165255269948454822743374363444244535927634235342558272
53573948968219776895218939953318739597253611337579557935819898948925515268331484644389798629185569486468415917932188791632914116442984161836472244868166814692191915913662637944259575549181973129667159757952612814329981274312522755319527294758335597927792571321212612477374815536168665129218423177826186816372392543119238542363386642163831586944661813881368243232372358848592664727977623132953428893729792748341365422134965347449775327494269715577292499247935434348346995961377583818873424316453991483
77441725897646968569815915874698811912396837986256471743861749754198471239238176369279799881891541998855283691875717967192612698571992212341794819736758285497285186521958234134928747138181199291265211996639471298682817821372371968211332345281592184786939651839629763216934524513985824929221131237632211774158231979392893248348217932244345639261329589714176294173187432714563562419693513133224234874332288526934218141391435945932814335545674137243169182528731528429854382567467352171462424433534598544
92498376411383919336939985979653922158819221392352346496676831171636949811814166235279797118829265191351948752249412144714119618176413326992133241346345751778794228274715192292527734638181822993137621246215986335152325582522172928752443711324435245745686288981533938582621331363884574929293311424873235732619744626343669363328313986355482243554635685679739919264414969373244247499568513131442253598434684372185573745477147443942419746659335466574679678184112137552517148435535851167962424255336461954
19999423819314591283811137548677977178129972669917658398999429195656783166287399172135978193412994882111153492142561239492224865978818828923118377112876941911153121676789427739841128324618921452311599322226451325367234151333597618992993913422948822398715212226423278789153884195223943572913256342261143333756243647834526244461872911311412453315993341982632333753438989126499521633415468312436745337225444486735475894563735557298312242252356442611445219374344486454919123751163274452657942354785644833
32999819975978139711492919813493394488636997281276191898711675592497572899999299935391382377659217734311192118618924182251312192451441559974711839238721291982278661351868391111131114641249348876132884542221322972913529336242321356255266118582294134983231219338977246297941222224222575235145998724399565333243318312463144735343246736637722969331524519434232144918835731815233333533368634625611983541167644435442942357425584645435784774883317144263562154534325512994684292634444464447974573672219465227
61925398791994932296257897972614785652982315679292733523346323884424677179779514782257939963289711967213641981211514331736891818372589676319342678131384463445743499553578828188162589336814117439182217832475219232262544284791292948369178742145378924249557455685451166468993929927369144792522854129332894358632134337365539581231315947128985325648913535166856679656227757911413113847125581363396523144391546974324544847664169234242615823919643675912464627796778176733886812252422495823669247441763425541
11276291842327466423887488814144466668817952957172919816327589675468917361711332578131797923749419162238731295343857753499859992525557777992816316828312192743869178657912847282244368924281813485152127334984231645496886451196111363666888811392742793942321385497128976812395839335547913539292459626323844519534275651799756221722247477799992241385381415343249651823918792341694144665812464131356173743495562164538676281186733283335858881111335249649252645435176293412981345271525577692357524246728485451
32823914835659549898616638694129999897356352166499634919481147727989387725433727816957471215211898814393412594676165191972774971523111191846746327751174512159225883819149883654483892716858232632291992541452361578727621218388518263422221295785743886228562326133699492125199476559491382796934374331211365256347268983873232949962937453333231689685499733967343724471151323621158766151249381714548544232247636745837919498434315117314856444434279179651184417845483558226243473226987726235149282565965534335
99991837619489798217857183699797357239118154869892326562577174411841182617496998519571375897214447691111294872159181932896829471181846834122926597191343767368828552295229372851711962168248691832555871222231598326129214391793158229295794523313761821245487847993966331633148396282217327935971294366698233334261943723132541281426933131681563442487293235659895811417744274425941739332843814618231547771934444537215483424365239253714424279267455359831434676191692252885538553615284144395492572934265888214
37948561118312837591492619578739246767157279296489713217931688366781881716116492918792899699879926714815967222942394861251372168984135787826838131759182432814279947789299282722751312981391171198113782592617833315341597236248327919524689893794924286129354392538115889131139383386242319241228221922489361372894442645261834735943812163579191481513539723146541364922699124224149449735342135233933213359147248391555375637294584615492327468121259262464183425765247513371123533525155184645324634414432446125
98158899255193254679931128199219998185419391176762969948219564965997969859682159319421184791625355321926991136621436578114223921132111929652141228787317115932167517611817196179326142153229581273646643213711224773254768922533413224322213176325233989842822614327862872292821728143725326433169238475775432482233588436587913364452433543332428743634419195393372543897398331393283925483643754427134958688654359334469954769812447556354465444353985474552121641448365491841944241439413659475486553824516979976
75211826835639299476938519898997127681958339191617691821516292191113967739892153251896274836969598198632293794674131158714962191911823879216944121272871293262731321222417884191326436291738594717161921974331481578524226982517321212293498132715523238398231437384243233352899521243754731284961582827213218544259268963533719362843232331451924382663434941934254849535434446391163235486584239517269393832432965536137917464482147395434344256213549377454515214536595164654555741227434659769534162837141494354
62537438912599634559719581573956196898979539678897753882234612794851981191825638499514153189619689937364854912361174566182169268416721791918164178991886499334572381596219221293674951162526429172179114847596512347228567729327137952783281212927528911299751144568349261732133231478516227363753128328122595861762345833967883143824816389439232313863912231186225567945137284324434258962733847486423943923361697287345694417899425493592749154134342497412334229733667815624839543554536917384495859753415413447
13173319598896211692113187933997931812373949152888875174981915752189919429586971779349842989881867182428442161991732271322429814411814292348415126399998628519212686329112153169718288145195319199297829353955327211284338243353192552292531345952623741111973962132379743122326427182939925621642121131893146416643832239544935446421366331364245616373485222218417324348185423343753829314113673275323224291425752775494334165514655753247744247535672748459633332952843545929653445486493142522478438643433531253
35615843687178898596916188918311496577868349144861911782188322443532899482683937885279989428242893864672695479828991961712729912942251768897945125597212289329943355464391159379414899638119153935391497578371658193911217282383112315336287991815623661832339143115446657541226148152591174922126414641251868948276921412232839349422342644739811292673477294344125422655776865233725926361228513323752575236297915938713252334394145153345375584192231378458831545523653376688797634483613747233962443486368634731
41798186511861373988893983191799115161392859991118931134798297399883985992893258182915899866989888285281929762297248419991419421281122627241396111222914224581931841199419611391436929312691197719199939639213187331835952111252153239223373835241722233312533569214295221152172241254713142371221882121114174132429844294616322236326434133448494635283334442364467132531633226328335236582425348233299323222528524353195531572743334743754524455951574639444555347557824364274433743944634769353645934431143433363
61987653189994346491966585169398599992887813525585748872291831179738915637126555612517299937451713427219876429111545751217769627141961111399892463669685998331294228184912674823766672362831114856282453832198753122265686232887173825217222241191357477179611944231533929512378593487778347394222596739356494321986423337679734399828493632833335221246858828172215534264413162348961459888945841533361784146751543219753444878184541193951474394444633235796993928332664537552427345917256199915695264447289525786
39911214269479596811851743656985761535769266127711874897922591969928957195924553932716269729313613674112232537158161792296285476719687264687137723882298591813361217113916821613566414382737183142472478522334364826927281331739658782179837579824883499331961292447232822412793272467752549384829425358358963344547593713839244284176989328194868193599451144217231355834393352381438357886365149593153646946917445565861482494135539528719143921597921461156225532834246694541446349254946899747625161426475715712
99599813895896935792873784691875384999998968372362876895998428769462893989369698681891797866952867971161192491691714681398489571298649511111917948347398791611953987157391419147171979291281897716397818227221351271282579241959168231975162222212815945841981272216419826841252125828218131239291882741892933833246238239368135216127934218627333332392615695219238332752193795236323693932924234131299385291314494435734934147924632723814532973844444341372671632134944386321481634743471414313534524231149631242
84915148398651397749841387158112812888188168569673828558689768962786921222914929518614399147925765689512625941976241885195249826922392399929927967178493966979187917389713233312513162972541125813687679162373615218735299621635193713341341113113817828951417718129812849182434442362427318365223692479878127348472632984631173274621482445245222422492893916252882923192395129354555347353842947633471358198923845958374319574228438573259355635633353351391412736399313421341623146566645846495315874458246921913
82989951591679115759655118912375918365896867879352877198973138489589931828428998879127191981421369579319116261278122686176622912348612947691797898146398821918424959169114293953911998123821219253247168142122737238923379728773312345972315871281891925741993212953516127122531416412211923493232136435827925323384834913448183988442345618342698239291213685211432316462723823364252752332213451434324754693813643449594512455929419955345672945371934131232479632254342757383493447536386344332456254543586571492
49312285373991687798678187199349934919217659922959199892169981997793185895921249952599127796115595485142339648411279881978929821145114512132876113316121191327119211881429691613235116361123881722661659625344175952238199218913193225622562324398722442723221243822132299253171272434622747223499283377276173645528616334921132912421433673367343541983355383433235493324331136428238354573385833451139448838728475663972744513224312353254478447845465219446649454434651443544224753934946568449694456224155994983
99479782193867959856241251989218392498312679998971246653539361221829729971132397719486128114864133431158189321497816196735236219132941351942378111918235776464147233293183118224341882159723922597524454226929143251892721784634732124315246215348922212934688757525834431429422933545299326183413361863556533713125436291383289574584323542635732645913332314579986863694554253153314465631143729452447297466764482423654731249439168569543465374684375612444342568119797471566536426442557674225483156355831857787
91368719179231689378919119946188275925431896392919348987896949397299945548958442984959474489418989951247982128134279148912122115729938613654291741312145919891715141831115665916955319516158559152919116235819323924538125912323322683114972476531285242325612191282625294222677612716642162726966126312122734692143413564923612343443379422518358764239635343672321239373631533378872382775327383717723742323384571325452467513472345455448153362946987534174645478343234148474264448998349388643849482883485343449
99164623614512587744496292889499952914929271184435951663498922215872168645987275888946191242327299211127573472562369885551731399151116312513138229554616277451913332698327975619838699915721235343831132223868458367347199666284241126222742362424933166572738856212444371943818672194971112683234645494224333497956947845821177739535223733385347353514427768384996732355548215492978321518222379434575651533544451816715895693228884164633484449645846462553887949511784346665932651318943262933348154568676264465
61571459556793719711161896944689445531994799192166144435497777911592774989499412973991986879196981137268256166781482182227291715579155664211581121327725554651888812261388519151152318411219798121719224837936727789259329333831282668126677532269223243883666576299992337249962126226342952232181923282133594814783889136143144494239377923778864337133435499477768731111344835117323733745316334329213439324461592589499124725425551534148813488997544824454651158887984222245594622843484485642744543132454143557
47541578944112991519289834339168354799713967196152656546391899991919471816891682131996757394214889855865268915522311262139194544127946581182417821726376765741291111212158292791279324211786841532599196697637912663342237324121565523815769229352893283748787685231222232326931381238143532289795264361121771874812377445334843523267663492687133146391439485989879634233334343714249234925464339181637547223288298592348855644595463437877451379824425741254159619198174534444545482535134513657544129274865833439
37923898542562877554992752833781897745958911689496792383365938683994644495168658267573928635691359474813491965367398866511386394489291885616912279151781349447614979411575551627976937868413974671246158592451217647841997762249741559131299672712338126289245155872518152268666273818714897952418578235726961356232875895211887335185266124231178382344923739135626698362926337977738492982591816352968934683717246734398691632299844629637723534228949345513484124673771947313744818884951319361292746317914579482
88177798999781226896368472375887955919639182488789798442982178969819337939493493878998119871391536969928881911189233791747958348699816612174129359989181955319328917192144814151451498911922198241264717113999212229134481285816945971192772328523146119129216642143912821325592526256251912213321935237582822411132333124559239692715618221388343963425722123132775325412393243661363736736212332443214634869393352224344423566134171382672933249945417453683323424388643652341435477247484784732344355432574597141
99921784181838933662995331779924394576837798825923963843519884191618631359189864112962537831478166991113289529294914477311644288113541568794881993613417495462199521272974246129197522317364894258927711222439163131512558842275539922465267981599211472452851657321163238318535723121863342847591536913882233354127424262366995338664113357637819261132258356396276843227434942964683423297445395861264712499334446523853537347711644977522446874892137224336946741738795433854515317579453431855641697237582351144
75193998766434869585889284633566688955681999794219151967389159911993911176781265834989151885838929588621411987754597169699139574467779916679211181532126217849126112211412228789237694519126299694913169973252219886561827171124168557888112778132229264323732895123722332252333989134871562123731171512427118436332199767293828223527966899922388924333137543484391623483344336344419124598267323484228262353822954744321187831493933463817791113349913544424865459541273459445544745552123561937843459533937346493
19893965259788129867186945788112499169991261797617175195998153599989869396881215868997631442111916992191417636189923197829715689922351127111237281872828621611926461119197141799232697911874255322212711321252874729113421893182679113346223822234839298393973272213757222121825281134371812298536643332382243236398583122453291429378122445733493334594131941418438332486833323293639224548292331964775444349335434741969423356431253148923355684451444561524215252954944359794443431474133565931344217588655545144
78898399197621375514891542671663556312269312942891939992592588995741176192339194879948819185989932498991941121873248662591265378277466742337142315391214111361369911685228721344121598115992129619114351911215223298435977361237648938857785344825342641232522247247112279633983245523261922611323172122546212232633431954618847234875914996889645593645375234363335835822338174419435663437213372243428323365732334374454216572995834598612511799175661475648634547444694693344928552154677454832448335453943447684
29749913928736926929259993983652998235963711228438645932287452192677115474597872462497237913851197473185112413984713713136111419476311934617482233954975614339856321378822658561898357351834812496221858429622352419582482424722252158742214572859334416518672544196743248993376967291946846294592351733296953173346352169359353583336326985332568396144552762978365521785435911448717831215795731561346284431716428445746327146146469444743719644367941725566387318947663289654612255982894232681684267245739554282
12195392288815112196443957689369299888998187581311745832578999983299397826399721658495684953559789852321641339992622321755416879147131199911929869242285694368911119431141893741183276951679516466189196343275244111373343286652798125824221112213197135339671547912222154225291485229438716278162757729121745438635522248445439776381923693533222332421824644178265812333326533631259633154982738927386883123285654974663335955654188749213471464433344353293575528937692344443764474236174426519384913849799423439
36953297931979631788699628152331568839991445494971279697113669947498778828813939619314674661169942144716431814218174289971173926344267994111255651518238171822477115851988993992414172142578577227115325582754292532928539118228413745537811522236676262934928293358822696219911411352528325368968833822643669386531364313964122933952485664892263334778737314513931446993371732112252246363943647917994493375477149764247542417523314416359677591337444588984842562414255711448284322336335747415475812811551448658
41297979878999911978197975699592253982894911417252978239898252769341694183482992186813885111961656475231818198911112218921818671161336419391512252836318934191936387145271529459311329792499622217276758634292921912222332913292978227244752141262336394742914521214749825638263156142243181351173332838786974531313212333344312431318933835586325237344741585312563232585193674937426725335429246228444394989718564242432344445542354242914494669743634845585269642367434369621478514853783644653135733955541519182
99181516469137859915753795961783399969317991799189749189116917993511433417889145461921914952752534381129262757124896112686481617289441117142811281129185129122712811462254452899125657213212516386364549223137386823591722379759272839155222825392239223129623123382392257336556391123676832432362749747565133424849793461283348186138394126633393641334133423173423449341336844766741223478794354347385185867624453595181457239445929724941523774441475244524453428453455145244795587785233458981546545849629697873
72859185924443785195618158998932411879186997646895647879147587395346496594999982277631518279447531698396129613555489621672926911914352298129711875791675898125869841645751761511119338874262938155864271941723172466659173278313712212546331923182298681278691923697195275686287262222144998537314926697538215283428357776128438942482332365744213429331979238971213471821638679739837333325511964842513771864932639453946888723954915359344347685532453144218134918232458293274978184194844443662217595362488297514
99998749982785951274423298913558294186921859869713979836793799129844958849899989781569799379298427991111985119389616238553431912466931529713296197182418194781481123195516995191119189267181148131953811222219622149172734966454212357714263182431721829352921589259223421662711621222129137829225924216492233332173325128384517756532346882537429354283293146313269136133453277382273233323124893133613532751334444328443623949562886764345799364853146539431425742437124724456438849338434443423591424472464386244
92326145779991288411199366479559173961882589977898645197459191875998711969989421691822291187833987651343725688111239952221147758166128417299369118891975621856121298611982217119153271293331229894419876245483679922234116333225886927723952831147122991218673296723231972219332822126438231444233191552198735659478113334522744433699713883416394225823311232978431783434218332144393323754934255534421266321984676158922444563385554471182499452741533693442234318954289454532944325541443486514536664553237743219
98138298986897369646728669973126135512514992182814686594982569115336489579199719852551918469992156531924931919791847175783977118423724662362511329392579761519367122644759168121182196366212957111326764213514212181295828689418822953483577347362243141368187262147823375586127923229321747732316822243787532462532329231693979152993316459468845847335425247929837325893448669723813433143285884342793335489864357364343134271418126311442756157995695844653635813194843691455977183492454425439699545381444659197
89982336469123319969449646632666192139217175539319511599886323813541892159511614137878687992798295329119344757123442117155175774377721324132828664142162261199743492465291326162272524898979811381931643122145586823455322826628688548883243524393977525327337221185451357631243727338363591918192249214275423325669793456643393773979965999435463541418863643844833229656246874235483844947461212921335132538653443677181456775441488418117611154657465252997475495594433176735798534659495515857232313244624364976
76949998896999424261797481216576179631899737898171899198813925647697179923492912899612821978949572198715111991711153537281859232768728174291184891928291121992413675871828113451312391172393218915168321982622211282226464839296134387983928531229591213931223211352478698293922456242341228341432912627943219373332239333757594131724549819413964233161232414233432246358971931413356735345233945254312373815432148444334144486861524283565192152417534427234352534454335746918214252446784645634415636542348492654
69478685929981911625493298199563839249916348934871982851821988895923958217127412878631478915598314997158979613119212273651431921167494135112745914598219396293219991613416932823852398974258912661942511826918172422132338476254213227851524622385612561932141731432111272452714393496341918536912377215362293712928353324344958736532433896263573349672367214325284254322238356382541451745212964712348832647331482313946443545516984764354491737468445178347832543639536543334946749365256285632317582345994375844
89991128854856483975199674995444741445916895429971948957919179998919794918213197511645132898693819579111223996596759418621178511655585255612791653118215916812128111912181512932421862275624391971492168122233411761786152973228962276669636672381276422932612792323922212329262314353297338673541218251327923334452287289726318433917338777174778349238753314372381343413332343137342546431844978465232936243813444556339839183742954412844988828588945134986442548349245452444345424845365754295518957634314735492
19916929494961984917587513115716778516513871219399847989384862769219739874511995421996864919512317222112713151517219512869862422682788962762498232141195819149597387132184198562211653211797512162342833322382426262832162397197353379389917387351934325221692125161849824329521967332276432281862327345394443349353737394327341821846448149112849846214543633271323627295193543163217844338754339297343845641555445146484841543845293295755925122395195732565474438243473831621465427432895544986544131845495675266
98633792996982318112986836493986345948524492318896164298579844967999166429865544133918183893929664611974481311719342922319794751419745615963551342991727531968195517811127753197665524412929491413177572218559242282145313342181586252185672617466245311283864217921662892223886421877663552313151252428868332966135339325642445329269736329678372857735642239497532813277391333499753298877466342426236353997944317724644143675355643137184743178948396884675334151864392438841244451186431998857745353734746411815
59416187535399959991218595489979951986289138146149771899279248991692589196552998726959699954917253996152729864641116111232961659118116219739124925725188291138135911271369121766311983716171116512836411726383197575222722234317276122922732184123513683629931224924612238247123287742219482728222762394752283749421868633383334542838723313384329523462479473114233513572334935823439885332159383933387341586339485153297974449444565394983442449543163457358158422534462468344514693454199644326149414449845269744
55399867382974978655373991152355328791959789486998317419991999199931984215593789921244673619299895786641197849318518976648411226346643981216189159711942852111211121114219532661489113235578472131191689775221895142962918775952233745775419232729126182215396322232223222532164377259122434668958324221279188633291625317312988616334485688652134383123729332641743334333433364327548836123354577916943533238129974431273642842319972744559679976324549423483144375285444544454447543865994723446568812715464434923
77654439483776715215696168515299286999425937987191831492718298597921998999518995839973967162339182198876554159488782632671727962631139711153614819821294251382931961813211911162911694118417827344129321998766526159989374378283817374224182226472592193231536249314217292432212227312271522952893845523143211987763726119148548939492848533529333758361321434264735142532831354332333842338263316391495663425432219887483722125965914151395964463144486947243254537584625364394246544344495344937442741251677453654
12512178216837797972636288237683529919435897991813683329161763919665394766413979271976977535982195692362328932794881818374739934879463112154691811292479443127287412177641587752418138218718864619321671347343914381599292948584114598157422326571292231358155423839852328875269886352924932982997572143278245845412549261131315969522561926853343768231334246926653494196343998637199746313514319311868325438935695652365137224242617163367213796445487934244535713776451521745411974821185742462542142297943654914
29254952317748764833293212376278938448112754798961999198133197413978268671141915147961879996415138263136516342885987594431432348738914955922386581917211121924421852418937978225212625817298111752624937424762745399619861554254345984912516613349769212832223213553296352914818933632373692831922286373514853587385641172197266536545619512362772445187132394333432466431746312592914474348471394213339748462596469849675228321837764765672162347388355629824341544454357754285742361312558545958241532444185957361
34992829619325278967839189961763932799861561437481138619472259965989379836378913784891651932935895264511393172143638917894129117287414381197267254859224972158336117619148194748912489591276214314691637562241428325474912891523122839852549221837836596133518326944722872125921585912359161238732542571274867335253943658512391263423394196365133294894761724462943715583398323613269612346127234984365368238597844636415476962341237453441521747624431591587283557315482669441943472437172345723834519547647934961
78796997197814781443971573767165935179727661964362549476838628899398179179684539778561745842124649628981711821892589255418268487827614628183877217547365158794973991141928128179564188967285695323575173919282293291369136652937959893872573929498832865847626981518411225213923928167529917839671643468628412139331431247124776314816191498368413151994397695873719262952233632413413927863112894178275457973952324144254235823588742592721251947952426211541871698482137316334474352452413897422391528938656818416
38598947957982898429178973395235819379291987968398926282919349477438398293198917791222889519958322624961915816819391953128918441634692148131219817941913739312145158854941931421912881233399162116943373517212692792141216423912955274571325924232192815212484142325626996515214253212399234441127322715448462832371381325232753412316638568243613534321392632359525343673711762632536432341134555223843382655957394348249243634386452342774967935472464543241374346163645478482287374364754345224566633495449376616
39633482592782598682889788888869992253899987265516429447165864395771312758143443797674177299728984944174459361389361979399189999997111336491119837662753155827697541688242386925455481878528831183919515528556147249147218141129111111822244751222194877386426693871865279935349713656659298963994229412162663966725835125832925223122222293335586233321598849753771498297638114645182476776131917411533152327377417783694623694313633423333331444669734443261995186488251931874922575629358788724212852264426343848
23515639677187793829569623979186863994264893135367279889864731882381691483868537682888949111239959723462674178829881493167173418129797411537591424647838199197584299349271259497964879399915122234116183457378528993199251427828452923181852264861253575894921121869531145138236151817598141112623334522729456848963911421136253893956313429296337597236468691513223297164225624934726292861925222373444563383156795917412253224736491416742453131744861834757971262433431827533673514583731397213633348455567449426
45668945493891996689296158989158213951312272859893393998869329825728179138149122743894819827686191295677915651491211779131726919126932416242338396191441411997143193683928124925123385491592193879721231678812676251232288124283712123714352735344941721255252211825421479413923513623449651261321498183234278992378736234339923539482323482546384645515283236636332293653258152413462473455176237243251929434538911348984734544113464159343459365749575662639434774744331476436926352457358456628734835436213154564
67382789299259183762621911615273367996494771711996399287487972339842947921917793745973985947999222997849389131136129487373212272638447811751588282211741139859818344195315813212881485618419615811133311895149124224723159848432338374955892286269939332285224196192945521642692432399259672952172692224442291625123533583426195954344948516691339737114144339633521721315663275371354341136178316328371333555331273623464469453721616545515962771244184822525544174463283242677438648246545224728942743948244466644
49988941229882596438569872477171227126658638711971963874951858717582398479987724882532818393118779855119915233199361754967198358828233823776974982218217498516296982869341958119883599364392941422988196622112634421147286517821946993934493488718519332932851962731719397145216922199461147541315253319921773322374553225839762893215711414551459982962144314396217384282141825632713321157225865242636442113288443348566433694187391432682252566256119317325542541732849539325293674382443226833697635374755322439
44298283287962727668873113779948579968591626719998453996269931919881899817241642829214989832699796785531939439817383877998422488115968117961273782111956411737114212199291192835275393132519194371181789664214154192849498811953359922617922817238489322216752284822532321131221394638641424362121548229289177532526521395151992216446113372813392834959143332786339593364343224233241574975253547323265933139128864363763241626211332755722448392441394516125444389744161447545433534435268518636465843437614424123
11645696817487576699134898233219988183253316916981982775533199516987699199499899551919218995997185752275671792859868771124591934432119929436442712719219388664421162719871121151191166212132911611829686338678281396197988223561214554322113154755382382132149977553227382198223226221227732324312272293179744978939241721819933467232566543322426586649349324325118866433849321933433733233884343542338331428185518914135283292114457834367765443353769775145143543622997754495143214454484434499545465344944253929
61774289721948827511728311636139684969659882361959659458883196195991387932317898147971515653979985827288539183215993862283942274724179517176199347216176156999421721611249814342891925818262676418119693839964129432611497339415338583528162828721145832728726711153283272235192545391213692937378752922171494117523154372251844152644969463927393983225694383983782226439438334621365641232471314848986313328251522863426548336295526375517157413841419433671549419489333754154944573247675234358242595919742443936
94959969918532594158287124929714953991449971615789337432319994439991511329267789988378941491491891891516117112964361526939823513182516411255118272689144854342111554111262243137889119948915251251291291262722822317547263714193462429362752236622938379125596545322266522237335424899122115912636236231231237383393342865837482521457353147386334773314948123661765643337763334844653591123322612374734734234234849441445397694859363256846425849744588442515923477287675444887444595576461223443372348584584534534
97953976856869993798989814862334996542311855993527886189151655496881769914539356418796659679579613561816418796797111481919192597344511765342296611463899729126276651799287112564146752981776178168172467292752981781822259212121361845562287645331772257491183123738776281139822367525786319288728927928357831386319289293336132323247295667339875644288336851229423484988739224193347863689742139983913813946894249742139131444724343435831677844198675539944796233153459519984133521445897479185324119412492415791
38569331418993125996973166833858496665113141771196186598893286157665971939918449194275966494161894444967144252911423611718427794496951777622425288221729761991439726877618214112955121538617751527291555517825536312253472282953881551716288873353639933283187211254183798872932522316623264972886263831266662893664742336458339316499266282739998446474114439429832236529481998314363342773437518399737494237777391477585344756944142751137739384111955758522554153194334763159211942547445388454862941184851534888
36113489697936496711194371278944988857854259888761912186689938891759969948712961791536669468626759234722459171814751782221548238915519996896536199987212329779114991286117115982317281264777157973786134583356128292586289333265934912662111791764721119832343188122511239722822619342839237588826818489724569446723931369739144437614512377322281287583222194345429923362234183393372145394134869993792959183567155783414247184125554872562348843339239869433321545653113447334529441448325641524597111481316129467
92842623119889996621886948775498981299119794487211889587851569281993312217751381163283656712197958941395373422199111773299715988651919231122181559832299169896267139211442332886249227439476782321816915241648453321122288431182619976212134223329266194331127191737824132255344399735133854158789343292712635275956443223339954229372118732324533443137721544223821284893524336645541184624496526989145431382374638616755433444116533148322984343564455424883265533493239591463544775665229573551763719125654249348
85561241369879937775679899129276192319911597434219818737491269938916912176864281774534796725519913329667235247198114888678191123138721342112261854532192984851237114912712328797539288564581783662112443177834635821922599978921223424983245322337296564321319596234822512382343981864139967569289477322355428894574693213361118913233453519435643344831767543242161734593362349345419297524117867139158843346653991568571432447222912434456462154675445594287865435327284561447345145652131863522897824126995445776
87589197772716631834996731464927699471789895399219781699811678326792393293817162239261353935698573999869121888382774294511784257513871158289191641132189271192278943781341431492827334137246414671968411197123299949388531562289536862498226939121275224329138221338915489245254251393844524835752578217952221823431115149964267339164797351933714123238633543124933244912659135636536241495563594686368932816333293454222625117537844127581846214482523434974465423514435512376124674764735251667461579747914392744
96936391132286957498988695869741191296376958753988182788125994965135369259191395391953617616619978361714741224339716851919971697185221231748716986419929389923611517624647136121241641216472872772118947282585233544182796212118271829633234285982719752113149113472262873575824723235275232758398388322915839369634465529381732322938293174434539619382186322425122458337398468693583434638634386941949943312694147174557663149284343314931428554564172149329743353623356944841957971469454574974549715215115442371
19719711575897153176852591169899718873591997922698925879559925781213997977196259351926671597191629492182182268691826428796361227191182998461211813371913698166113689232411818821736146213778261821273151329329337971293753981747233821229311957232292448212471927722479134352292993284725732488937293238426243143144818231486419285834493233142216834331355932358213883358124546331311439583684359914831434953735425425592934259752139694551434425332794544246614346932499446923565744242254169479546112594254516484
43784737423791986917979584949119958548773348232988299967996888974671119698794194362854866249199197915489584853481219712818169515122116965988445934319931117811799918578222171981521547396597735121121812659169596459232182392927162623322717619955614542114222892281112968933328219263265841761884623223292376127161756134329341313827373443382872116672565322533391339222317914443932137437695287299573433431348723827286724543145242493848455449398322778367643364441244133342812555414324854871639831168454454245
97767939179681447961917844694164919517929819763174985784339267854879219791291993779253583589466868991887814128179255817212895571527512162813192187428519689544137896598132181231211488136469469157797911299892523928136692832391668263862327392421329853962179165524891761924329234232259924757157126881812231191363413924771394341277937497343841353243196417328127663591287213543134534336113586826823799292334221247452413588241545238814851845495246435421752843923877461239832465424564544722469793793481131344
19117496358547811588394581972677914974219558962427931389793839293411922166194716499975567182961919822122851746965892269941569218378812518532166917353814249181494131452213327721582751118667829317212193323396285717691337115267132948992362964327712846492535129251524256332443883269386222977893142832321443441739682871244822637824315911347317543882395751364623136263536744355499437149733318891425394343255455284179398235593374893542612245842865499341686247573424737464785546651154825184442991253641545436
39225938947962596378366496982248995458789142661196359169537917168194817564372979919789973592386712924133614915817361748947751719335911656989125377221746127164812827921592867548318112189118461349782313524472512692847285915886282144612276719123648833285723827592393813261397865942922329122957245189342463558362371395839612699739325572338782123475994439683493861341492437241897615313343123316835629145357466947348241694172371184143668344989323458611554179451497245251354835291872642445423442794673125646
99599528149259471457625968376986631997773781159739469937113293991782421789343831998496541541145299481161163925136158256873617948719774211888489226184157114822431411289353289145494211951765265225631159227227413624726936798472815982188532299959133729526822593354252239146439125651532216287637633674226133833852473583714781958392619329964331116124483163793361446536334125754123676264332739874874478533724494496358469482589216941372143117544222723559427481447255764744523686523478737544384198598558964483
61119897521162398994858791489986917598929989778991726161194782998293329245751326189794126146915111957222191863227341911596981259119712861913119188911283727221589311931443135686243729181523725712622216833321297433845212261719236122182397212422129912239483833269142214255424679735483129263483682373332794443231854495632337282134723329341832353323112334159494437125332536653578184659423137459479348444381555434296551674344839324583443145294346443422344526151554823644364776468929576153424856158145955549
91834736251155598782976127139297799999881948284418928897732713878931753177634915767398922932972299431294584736226661989318723824131881111199215939552913991884382498914286428874512687841913314318331154231569584733777219142983493524299222221132614166312411299549351912539753998562379895212442542944226534267169584488832125319451463531133333224372527742352231165146212364186411967348191632355365315533764537827169559994323642156257464224444433548363885346334227625732347529752217845921274346647642664487
14564739317216987879955628289937622974986899986995354558818925342968981961267569685977799137849188962567584142832719898116673939114873318519791119711646566992913645317919217237867179618881124895129917367869525394382191922778414122598442962181222182275767711312475642812132834897828172999223591623112847897163641549321213388952523361955317329233329338687882242358675392324394591893928311133461273422395891827475265143232449916363447216642843134443144979899335346978641343541561291413942224457238453341